Number of robot passes: 60

Number of trays: 12

Tray 1
No  Cir Pos     X        Y     Angle 
1    1   1    2.48     0.3      0    
2    1   2    0.98     2.3      60   
3    1   4    -2.48    -0.3     180  
4    1   5    -0.98    -2.3     240  
5    1   6    1.5      -2       300  

Tray 2
No  Cir Pos     X        Y     Angle 
1    1   1    2.48     0.3      0    
2    1   2    0.98     2.3      60   
3    1   4    -2.48    -0.3     180  
4    1   5    -0.98    -2.3     240  
5    1   6    1.5      -2       300  

Tray 3
No  Cir Pos     X        Y     Angle 
1    1   1    2.48     0.3      0    
2    1   2    0.98     2.3      60   
3    1   4    -2.48    -0.3     180  
4    1   5    -0.98    -2.3     240  
5    1   6    1.5      -2       300  

Tray 4
No  Cir Pos     X        Y     Angle 
1    1   1    2.48     0.3      0    
2    1   2    0.98     2.3      60   
3    1   4    -2.48    -0.3     180  
4    1   5    -0.98    -2.3     240  
5    1   6    1.5      -2       300  

Tray 5
No  Cir Pos     X        Y     Angle 
1    1   1    2.48     0.3      0    
2    1   2    0.98     2.3      60   
3    1   4    -2.48    -0.3     180  
4    1   5    -0.98    -2.3     240  
5    1   6    1.5      -2       300  

Tray 6
No  Cir Pos     X        Y     Angle 
1    1   1    2.48     0.3      0    
2    1   2    0.98     2.3      60   
3    1   4    -2.48    -0.3     180  
4    1   5    -0.98    -2.3     240  
5    1   6    1.5      -2       300  

Tray 7
No  Cir Pos     X        Y     Angle 
1    1   1    2.48     0.3      0    
2    1   2    0.98     2.3      60   
3    1   4    -2.48    -0.3     180  
4    1   5    -0.98    -2.3     240  
5    1   6    1.5      -2       300  

Tray 8
No  Cir Pos     X        Y     Angle 
1    1   1    2.48     0.3      0    
2    1   2    0.98     2.3      60   
3    1   4    -2.48    -0.3     180  
4    1   5    -0.98    -2.3     240  
5    1   6    1.5      -2       300  

Tray 9
No  Cir Pos     X        Y     Angle 
1    1   1    2.48     0.3      0    
2    1   2    0.98     2.3      60   
3    1   4    -2.48    -0.3     180  
4    1   5    -0.98    -2.3     240  
5    1   6    1.5      -2       300  

Tray 10
No  Cir Pos     X        Y     Angle 
1    1   1    2.48     0.3      0    
2    1   2    0.98     2.3      60   
3    1   4    -2.48    -0.3     180  
4    1   5    -0.98    -2.3     240  
5    1   6    1.5      -2       300  

Tray 11
No  Cir Pos     X        Y     Angle 
1    1   1    2.48     0.3      0    
2    1   2    0.98     2.3      60   
3    1   4    -2.48    -0.3     180  
4    1   5    -0.98    -2.3     240  
5    1   6    1.5      -2       300  

Tray 12
No  Cir Pos     X        Y     Angle 
1    1   1    2.48     0.3      0    
2    1   2    0.98     2.3      60   
3    1   4    -2.48    -0.3     180  
4    1   5    -0.98    -2.3     240  
5    1   6    1.5      -2       300  