Number of robot passes: 
196

No Area Row Col.  X      Y     Put FGr Take Angle

1    1   1   1   23.55  23.6    1   1   1   0    
2    1   1   2   46.05  23.6    1   1   1   0    
3    1   1   3   68.55  23.6    1   1   1   0    
4    1   1   4   91.05  23.6    1   1   1   0    
5    1   1   5   113.55 23.6    1   1   1   0    
6    1   1   6   136.05 23.6    1   1   1   0    
7    1   1   7   158.55 23.6    1   1   1   0    
8    1   1   8   181.05 23.6    1   1   1   0    
9    1   1   9   203.55 23.6    1   1   1   0    
10   1   1   10  226.05 23.6    1   1   1   0    
11   1   1   11  248.55 23.6    1   1   1   0    
12   1   1   12  271.05 23.6    1   1   1   0    
13   1   1   13  293.55 23.6    1   1   1   0    
14   1   1   14  316.05 23.6    1   1   1   0    
15   1   2   1   23.55  43.2    1   1   1   0    
16   1   2   2   46.05  43.2    1   1   1   0    
17   1   2   3   68.55  43.2    1   1   1   0    
18   1   2   4   91.05  43.2    1   1   1   0    
19   1   2   5   113.55 43.2    1   1   1   0    
20   1   2   6   136.05 43.2    1   1   1   0    
21   1   2   7   158.55 43.2    1   1   1   0    
22   1   2   8   181.05 43.2    1   1   1   0    
23   1   2   9   203.55 43.2    1   1   1   0    
24   1   2   10  226.05 43.2    1   1   1   0    
25   1   2   11  248.55 43.2    1   1   1   0    
26   1   2   12  271.05 43.2    1   1   1   0    
27   1   2   13  293.55 43.2    1   1   1   0    
28   1   2   14  316.05 43.2    1   1   1   0    
29   1   3   1   23.55  62.8    1   1   1   0    
30   1   3   2   46.05  62.8    1   1   1   0    
31   1   3   3   68.55  62.8    1   1   1   0    
32   1   3   4   91.05  62.8    1   1   1   0    
33   1   3   5   113.55 62.8    1   1   1   0    
34   1   3   6   136.05 62.8    1   1   1   0    
35   1   3   7   158.55 62.8    1   1   1   0    
36   1   3   8   181.05 62.8    1   1   1   0    
37   1   3   9   203.55 62.8    1   1   1   0    
38   1   3   10  226.05 62.8    1   1   1   0    
39   1   3   11  248.55 62.8    1   1   1   0    
40   1   3   12  271.05 62.8    1   1   1   0    
41   1   3   13  293.55 62.8    1   1   1   0    
42   1   3   14  316.05 62.8    1   1   1   0    
43   1   4   1   23.55  82.4    1   1   1   0    
44   1   4   2   46.05  82.4    1   1   1   0    
45   1   4   3   68.55  82.4    1   1   1   0    
46   1   4   4   91.05  82.4    1   1   1   0    
47   1   4   5   113.55 82.4    1   1   1   0    
48   1   4   6   136.05 82.4    1   1   1   0    
49   1   4   7   158.55 82.4    1   1   1   0    
50   1   4   8   181.05 82.4    1   1   1   0    
51   1   4   9   203.55 82.4    1   1   1   0    
52   1   4   10  226.05 82.4    1   1   1   0    
53   1   4   11  248.55 82.4    1   1   1   0    
54   1   4   12  271.05 82.4    1   1   1   0    
55   1   4   13  293.55 82.4    1   1   1   0    
56   1   4   14  316.05 82.4    1   1   1   0    
57   1   5   1   23.55  102     1   1   1   0    
58   1   5   2   46.05  102     1   1   1   0    
59   1   5   3   68.55  102     1   1   1   0    
60   1   5   4   91.05  102     1   1   1   0    
61   1   5   5   113.55 102     1   1   1   0    
62   1   5   6   136.05 102     1   1   1   0    
63   1   5   7   158.55 102     1   1   1   0    
64   1   5   8   181.05 102     1   1   1   0    
65   1   5   9   203.55 102     1   1   1   0    
66   1   5   10  226.05 102     1   1   1   0    
67   1   5   11  248.55 102     1   1   1   0    
68   1   5   12  271.05 102     1   1   1   0    
69   1   5   13  293.55 102     1   1   1   0    
70   1   5   14  316.05 102     1   1   1   0    
71   1   6   1   23.55  121.6   1   1   1   0    
72   1   6   2   46.05  121.6   1   1   1   0    
73   1   6   3   68.55  121.6   1   1   1   0    
74   1   6   4   91.05  121.6   1   1   1   0    
75   1   6   5   113.55 121.6   1   1   1   0    
76   1   6   6   136.05 121.6   1   1   1   0    
77   1   6   7   158.55 121.6   1   1   1   0    
78   1   6   8   181.05 121.6   1   1   1   0    
79   1   6   9   203.55 121.6   1   1   1   0    
80   1   6   10  226.05 121.6   1   1   1   0    
81   1   6   11  248.55 121.6   1   1   1   0    
82   1   6   12  271.05 121.6   1   1   1   0    
83   1   6   13  293.55 121.6   1   1   1   0    
84   1   6   14  316.05 121.6   1   1   1   0    
85   1   7   1   23.55  141.2   1   1   1   0    
86   1   7   2   46.05  141.2   1   1   1   0    
87   1   7   3   68.55  141.2   1   1   1   0    
88   1   7   4   91.05  141.2   1   1   1   0    
89   1   7   5   113.55 141.2   1   1   1   0    
90   1   7   6   136.05 141.2   1   1   1   0    
91   1   7   7   158.55 141.2   1   1   1   0    
92   1   7   8   181.05 141.2   1   1   1   0    
93   1   7   9   203.55 141.2   1   1   1   0    
94   1   7   10  226.05 141.2   1   1   1   0    
95   1   7   11  248.55 141.2   1   1   1   0    
96   1   7   12  271.05 141.2   1   1   1   0    
97   1   7   13  293.55 141.2   1   1   1   0    
98   1   7   14  316.05 141.2   1   1   1   0    
99   1   8   1   23.55  160.8   1   1   1   0    
100  1   8   2   46.05  160.8   1   1   1   0    
101  1   8   3   68.55  160.8   1   1   1   0    
102  1   8   4   91.05  160.8   1   1   1   0    
103  1   8   5   113.55 160.8   1   1   1   0    
104  1   8   6   136.05 160.8   1   1   1   0    
105  1   8   7   158.55 160.8   1   1   1   0    
106  1   8   8   181.05 160.8   1   1   1   0    
107  1   8   9   203.55 160.8   1   1   1   0    
108  1   8   10  226.05 160.8   1   1   1   0    
109  1   8   11  248.55 160.8   1   1   1   0    
110  1   8   12  271.05 160.8   1   1   1   0    
111  1   8   13  293.55 160.8   1   1   1   0    
112  1   8   14  316.05 160.8   1   1   1   0    
113  1   9   1   23.55  180.4   1   1   1   0    
114  1   9   2   46.05  180.4   1   1   1   0    
115  1   9   3   68.55  180.4   1   1   1   0    
116  1   9   4   91.05  180.4   1   1   1   0    
117  1   9   5   113.55 180.4   1   1   1   0    
118  1   9   6   136.05 180.4   1   1   1   0    
119  1   9   7   158.55 180.4   1   1   1   0    
120  1   9   8   181.05 180.4   1   1   1   0    
121  1   9   9   203.55 180.4   1   1   1   0    
122  1   9   10  226.05 180.4   1   1   1   0    
123  1   9   11  248.55 180.4   1   1   1   0    
124  1   9   12  271.05 180.4   1   1   1   0    
125  1   9   13  293.55 180.4   1   1   1   0    
126  1   9   14  316.05 180.4   1   1   1   0    
127  1   10  1   23.55  200     1   1   1   0    
128  1   10  2   46.05  200     1   1   1   0    
129  1   10  3   68.55  200     1   1   1   0    
130  1   10  4   91.05  200     1   1   1   0    
131  1   10  5   113.55 200     1   1   1   0    
132  1   10  6   136.05 200     1   1   1   0    
133  1   10  7   158.55 200     1   1   1   0    
134  1   10  8   181.05 200     1   1   1   0    
135  1   10  9   203.55 200     1   1   1   0    
136  1   10  10  226.05 200     1   1   1   0    
137  1   10  11  248.55 200     1   1   1   0    
138  1   10  12  271.05 200     1   1   1   0    
139  1   10  13  293.55 200     1   1   1   0    
140  1   10  14  316.05 200     1   1   1   0    
141  1   11  1   23.55  219.6   1   1   1   0    
142  1   11  2   46.05  219.6   1   1   1   0    
143  1   11  3   68.55  219.6   1   1   1   0    
144  1   11  4   91.05  219.6   1   1   1   0    
145  1   11  5   113.55 219.6   1   1   1   0    
146  1   11  6   136.05 219.6   1   1   1   0    
147  1   11  7   158.55 219.6   1   1   1   0    
148  1   11  8   181.05 219.6   1   1   1   0    
149  1   11  9   203.55 219.6   1   1   1   0    
150  1   11  10  226.05 219.6   1   1   1   0    
151  1   11  11  248.55 219.6   1   1   1   0    
152  1   11  12  271.05 219.6   1   1   1   0    
153  1   11  13  293.55 219.6   1   1   1   0    
154  1   11  14  316.05 219.6   1   1   1   0    
155  1   12  1   23.55  239.2   1   1   1   0    
156  1   12  2   46.05  239.2   1   1   1   0    
157  1   12  3   68.55  239.2   1   1   1   0    
158  1   12  4   91.05  239.2   1   1   1   0    
159  1   12  5   113.55 239.2   1   1   1   0    
160  1   12  6   136.05 239.2   1   1   1   0    
161  1   12  7   158.55 239.2   1   1   1   0    
162  1   12  8   181.05 239.2   1   1   1   0    
163  1   12  9   203.55 239.2   1   1   1   0    
164  1   12  10  226.05 239.2   1   1   1   0    
165  1   12  11  248.55 239.2   1   1   1   0    
166  1   12  12  271.05 239.2   1   1   1   0    
167  1   12  13  293.55 239.2   1   1   1   0    
168  1   12  14  316.05 239.2   1   1   1   0    
169  1   13  1   23.55  258.8   1   1   1   0    
170  1   13  2   46.05  258.8   1   1   1   0    
171  1   13  3   68.55  258.8   1   1   1   0    
172  1   13  4   91.05  258.8   1   1   1   0    
173  1   13  5   113.55 258.8   1   1   1   0    
174  1   13  6   136.05 258.8   1   1   1   0    
175  1   13  7   158.55 258.8   1   1   1   0    
176  1   13  8   181.05 258.8   1   1   1   0    
177  1   13  9   203.55 258.8   1   1   1   0    
178  1   13  10  226.05 258.8   1   1   1   0    
179  1   13  11  248.55 258.8   1   1   1   0    
180  1   13  12  271.05 258.8   1   1   1   0    
181  1   13  13  293.55 258.8   1   1   1   0    
182  1   13  14  316.05 258.8   1   1   1   0    
183  1   14  1   23.55  278.4   1   1   1   0    
184  1   14  2   46.05  278.4   1   1   1   0    
185  1   14  3   68.55  278.4   1   1   1   0    
186  1   14  4   91.05  278.4   1   1   1   0    
187  1   14  5   113.55 278.4   1   1   1   0    
188  1   14  6   136.05 278.4   1   1   1   0    
189  1   14  7   158.55 278.4   1   1   1   0    
190  1   14  8   181.05 278.4   1   1   1   0    
191  1   14  9   203.55 278.4   1   1   1   0    
192  1   14  10  226.05 278.4   1   1   1   0    
193  1   14  11  248.55 278.4   1   1   1   0    
194  1   14  12  271.05 278.4   1   1   1   0    
195  1   14  13  293.55 278.4   1   1   1   0    
196  1   14  14  316.05 278.4   1   1   1   0    