Number of robot passes: 90

Number of trays: 6

Tray 1
No  Cir Pos     X        Y     Angle 
1    1   1    90.8     0        0    
2    1   2    82.95    36.93    24   
3    1   3    60.76    67.48    48   
4    1   4    28.06    86.36    72   
5    1   5    -9.49    90.3     96   
6    1   6    -45.4    78.64    120  
7    1   7    -73.46   53.37    144  
8    1   8    -88.82   18.88    168  
9    1   9    -88.82   -18.88   192  
10   1   10   -73.46   -53.37   216  
11   1   11   -45.4    -78.64   240  
12   1   12   -9.49    -90.3    264  
13   1   13   28.06    -86.36   288  
14   1   14   60.76    -67.48   312  
15   1   15   82.95    -36.93   336  

Tray 2
No  Cir Pos     X        Y     Angle 
1    1   1    90.8     0        0    
2    1   2    82.95    36.93    24   
3    1   3    60.76    67.48    48   
4    1   4    28.06    86.36    72   
5    1   5    -9.49    90.3     96   
6    1   6    -45.4    78.64    120  
7    1   7    -73.46   53.37    144  
8    1   8    -88.82   18.88    168  
9    1   9    -88.82   -18.88   192  
10   1   10   -73.46   -53.37   216  
11   1   11   -45.4    -78.64   240  
12   1   12   -9.49    -90.3    264  
13   1   13   28.06    -86.36   288  
14   1   14   60.76    -67.48   312  
15   1   15   82.95    -36.93   336  

Tray 3
No  Cir Pos     X        Y     Angle 
1    1   1    90.8     0        0    
2    1   2    82.95    36.93    24   
3    1   3    60.76    67.48    48   
4    1   4    28.06    86.36    72   
5    1   5    -9.49    90.3     96   
6    1   6    -45.4    78.64    120  
7    1   7    -73.46   53.37    144  
8    1   8    -88.82   18.88    168  
9    1   9    -88.82   -18.88   192  
10   1   10   -73.46   -53.37   216  
11   1   11   -45.4    -78.64   240  
12   1   12   -9.49    -90.3    264  
13   1   13   28.06    -86.36   288  
14   1   14   60.76    -67.48   312  
15   1   15   82.95    -36.93   336  

Tray 4
No  Cir Pos     X        Y     Angle 
1    1   1    90.8     0        0    
2    1   2    82.95    36.93    24   
3    1   3    60.76    67.48    48   
4    1   4    28.06    86.36    72   
5    1   5    -9.49    90.3     96   
6    1   6    -45.4    78.64    120  
7    1   7    -73.46   53.37    144  
8    1   8    -88.82   18.88    168  
9    1   9    -88.82   -18.88   192  
10   1   10   -73.46   -53.37   216  
11   1   11   -45.4    -78.64   240  
12   1   12   -9.49    -90.3    264  
13   1   13   28.06    -86.36   288  
14   1   14   60.76    -67.48   312  
15   1   15   82.95    -36.93   336  

Tray 5
No  Cir Pos     X        Y     Angle 
1    1   1    90.8     0        0    
2    1   2    82.95    36.93    24   
3    1   3    60.76    67.48    48   
4    1   4    28.06    86.36    72   
5    1   5    -9.49    90.3     96   
6    1   6    -45.4    78.64    120  
7    1   7    -73.46   53.37    144  
8    1   8    -88.82   18.88    168  
9    1   9    -88.82   -18.88   192  
10   1   10   -73.46   -53.37   216  
11   1   11   -45.4    -78.64   240  
12   1   12   -9.49    -90.3    264  
13   1   13   28.06    -86.36   288  
14   1   14   60.76    -67.48   312  
15   1   15   82.95    -36.93   336  

Tray 6
No  Cir Pos     X        Y     Angle 
1    1   1    90.8     0        0    
2    1   2    82.95    36.93    24   
3    1   3    60.76    67.48    48   
4    1   4    28.06    86.36    72   
5    1   5    -9.49    90.3     96   
6    1   6    -45.4    78.64    120  
7    1   7    -73.46   53.37    144  
8    1   8    -88.82   18.88    168  
9    1   9    -88.82   -18.88   192  
10   1   10   -73.46   -53.37   216  
11   1   11   -45.4    -78.64   240  
12   1   12   -9.49    -90.3    264  
13   1   13   28.06    -86.36   288  
14   1   14   60.76    -67.48   312  
15   1   15   82.95    -36.93   336  