Number of robot passes: 
132

No Area Row Col.  X      Y     Put FGr Take Angle

1    1   1   1   25.4   26.65   1   1   1   0    
2    1   1   2   51.6   26.65   1   1   1   0    
3    1   1   3   77.8   26.65   1   1   1   0    
4    1   1   4   104    26.65   1   1   1   0    
5    1   1   5   130.2  26.65   1   1   1   0    
6    1   1   6   156.4  26.65   1   1   1   0    
7    1   1   7   182.6  26.65   1   1   1   0    
8    1   1   8   208.8  26.65   1   1   1   0    
9    1   1   9   235    26.65   1   1   1   0    
10   1   1   10  261.2  26.65   1   1   1   0    
11   1   1   11  287.4  26.65   1   1   1   0    
12   1   1   12  313.6  26.65   1   1   1   0    
13   1   2   1   25.4   51.75   1   1   1   0    
14   1   2   2   51.6   51.75   1   1   1   0    
15   1   2   3   77.8   51.75   1   1   1   0    
16   1   2   4   104    51.75   1   1   1   0    
17   1   2   5   130.2  51.75   1   1   1   0    
18   1   2   6   156.4  51.75   1   1   1   0    
19   1   2   7   182.6  51.75   1   1   1   0    
20   1   2   8   208.8  51.75   1   1   1   0    
21   1   2   9   235    51.75   1   1   1   0    
22   1   2   10  261.2  51.75   1   1   1   0    
23   1   2   11  287.4  51.75   1   1   1   0    
24   1   2   12  313.6  51.75   1   1   1   0    
25   1   3   1   25.4   76.85   1   1   1   0    
26   1   3   2   51.6   76.85   1   1   1   0    
27   1   3   3   77.8   76.85   1   1   1   0    
28   1   3   4   104    76.85   1   1   1   0    
29   1   3   5   130.2  76.85   1   1   1   0    
30   1   3   6   156.4  76.85   1   1   1   0    
31   1   3   7   182.6  76.85   1   1   1   0    
32   1   3   8   208.8  76.85   1   1   1   0    
33   1   3   9   235    76.85   1   1   1   0    
34   1   3   10  261.2  76.85   1   1   1   0    
35   1   3   11  287.4  76.85   1   1   1   0    
36   1   3   12  313.6  76.85   1   1   1   0    
37   1   4   1   25.4   101.95  1   1   1   0    
38   1   4   2   51.6   101.95  1   1   1   0    
39   1   4   3   77.8   101.95  1   1   1   0    
40   1   4   4   104    101.95  1   1   1   0    
41   1   4   5   130.2  101.95  1   1   1   0    
42   1   4   6   156.4  101.95  1   1   1   0    
43   1   4   7   182.6  101.95  1   1   1   0    
44   1   4   8   208.8  101.95  1   1   1   0    
45   1   4   9   235    101.95  1   1   1   0    
46   1   4   10  261.2  101.95  1   1   1   0    
47   1   4   11  287.4  101.95  1   1   1   0    
48   1   4   12  313.6  101.95  1   1   1   0    
49   1   5   1   25.4   127.05  1   1   1   0    
50   1   5   2   51.6   127.05  1   1   1   0    
51   1   5   3   77.8   127.05  1   1   1   0    
52   1   5   4   104    127.05  1   1   1   0    
53   1   5   5   130.2  127.05  1   1   1   0    
54   1   5   6   156.4  127.05  1   1   1   0    
55   1   5   7   182.6  127.05  1   1   1   0    
56   1   5   8   208.8  127.05  1   1   1   0    
57   1   5   9   235    127.05  1   1   1   0    
58   1   5   10  261.2  127.05  1   1   1   0    
59   1   5   11  287.4  127.05  1   1   1   0    
60   1   5   12  313.6  127.05  1   1   1   0    
61   1   6   1   25.4   152.15  1   1   1   0    
62   1   6   2   51.6   152.15  1   1   1   0    
63   1   6   3   77.8   152.15  1   1   1   0    
64   1   6   4   104    152.15  1   1   1   0    
65   1   6   5   130.2  152.15  1   1   1   0    
66   1   6   6   156.4  152.15  1   1   1   0    
67   1   6   7   182.6  152.15  1   1   1   0    
68   1   6   8   208.8  152.15  1   1   1   0    
69   1   6   9   235    152.15  1   1   1   0    
70   1   6   10  261.2  152.15  1   1   1   0    
71   1   6   11  287.4  152.15  1   1   1   0    
72   1   6   12  313.6  152.15  1   1   1   0    
73   1   7   1   25.4   177.25  1   1   1   0    
74   1   7   2   51.6   177.25  1   1   1   0    
75   1   7   3   77.8   177.25  1   1   1   0    
76   1   7   4   104    177.25  1   1   1   0    
77   1   7   5   130.2  177.25  1   1   1   0    
78   1   7   6   156.4  177.25  1   1   1   0    
79   1   7   7   182.6  177.25  1   1   1   0    
80   1   7   8   208.8  177.25  1   1   1   0    
81   1   7   9   235    177.25  1   1   1   0    
82   1   7   10  261.2  177.25  1   1   1   0    
83   1   7   11  287.4  177.25  1   1   1   0    
84   1   7   12  313.6  177.25  1   1   1   0    
85   1   8   1   25.4   202.35  1   1   1   0    
86   1   8   2   51.6   202.35  1   1   1   0    
87   1   8   3   77.8   202.35  1   1   1   0    
88   1   8   4   104    202.35  1   1   1   0    
89   1   8   5   130.2  202.35  1   1   1   0    
90   1   8   6   156.4  202.35  1   1   1   0    
91   1   8   7   182.6  202.35  1   1   1   0    
92   1   8   8   208.8  202.35  1   1   1   0    
93   1   8   9   235    202.35  1   1   1   0    
94   1   8   10  261.2  202.35  1   1   1   0    
95   1   8   11  287.4  202.35  1   1   1   0    
96   1   8   12  313.6  202.35  1   1   1   0    
97   1   9   1   25.4   227.45  1   1   1   0    
98   1   9   2   51.6   227.45  1   1   1   0    
99   1   9   3   77.8   227.45  1   1   1   0    
100  1   9   4   104    227.45  1   1   1   0    
101  1   9   5   130.2  227.45  1   1   1   0    
102  1   9   6   156.4  227.45  1   1   1   0    
103  1   9   7   182.6  227.45  1   1   1   0    
104  1   9   8   208.8  227.45  1   1   1   0    
105  1   9   9   235    227.45  1   1   1   0    
106  1   9   10  261.2  227.45  1   1   1   0    
107  1   9   11  287.4  227.45  1   1   1   0    
108  1   9   12  313.6  227.45  1   1   1   0    
109  1   10  1   25.4   252.55  1   1   1   0    
110  1   10  2   51.6   252.55  1   1   1   0    
111  1   10  3   77.8   252.55  1   1   1   0    
112  1   10  4   104    252.55  1   1   1   0    
113  1   10  5   130.2  252.55  1   1   1   0    
114  1   10  6   156.4  252.55  1   1   1   0    
115  1   10  7   182.6  252.55  1   1   1   0    
116  1   10  8   208.8  252.55  1   1   1   0    
117  1   10  9   235    252.55  1   1   1   0    
118  1   10  10  261.2  252.55  1   1   1   0    
119  1   10  11  287.4  252.55  1   1   1   0    
120  1   10  12  313.6  252.55  1   1   1   0    
121  1   11  1   25.4   277.65  1   1   1   0    
122  1   11  2   51.6   277.65  1   1   1   0    
123  1   11  3   77.8   277.65  1   1   1   0    
124  1   11  4   104    277.65  1   1   1   0    
125  1   11  5   130.2  277.65  1   1   1   0    
126  1   11  6   156.4  277.65  1   1   1   0    
127  1   11  7   182.6  277.65  1   1   1   0    
128  1   11  8   208.8  277.65  1   1   1   0    
129  1   11  9   235    277.65  1   1   1   0    
130  1   11  10  261.2  277.65  1   1   1   0    
131  1   11  11  287.4  277.65  1   1   1   0    
132  1   11  12  313.6  277.65  1   1   1   0    