Number of robot passes: 
254

No   * Row Col.  X      Y     Put FGr Take Angle

1    0  1   1   29.6   21.1    1   1   1   0    
2    0  2   2   52.65  27.51   1   1   1   0    
3    0  1   3   75.95  21.1    1   1   1   0    
4    0  2   4   99     27.51   1   1   1   0    
5    0  1   5   122.3  21.1    1   1   1   0    
6    0  2   6   145.35 27.51   1   1   1   0    
7    0  1   7   168.65 21.1    1   1   1   0    
8    0  2   8   191.7  27.51   1   1   1   0    
9    0  1   9   215    21.1    1   1   1   0    
10   0  2   10  238.05 27.51   1   1   1   0    
11   0  1   11  261.35 21.1    1   1   1   0    
12   0  2   12  284.4  27.51   1   1   1   0    
13   0  1   13  307.7  21.1    1   1   1   0    
14   0  3   1   29.6   35      1   1   1   0    
15   0  4   2   52.65  41.41   1   1   1   0    
16   0  3   3   75.95  35      1   1   1   0    
17   0  4   4   99     41.41   1   1   1   0    
18   0  3   5   122.3  35      1   1   1   0    
19   0  4   6   145.35 41.41   1   1   1   0    
20   0  3   7   168.65 35      1   1   1   0    
21   0  4   8   191.7  41.41   1   1   1   0    
22   0  3   9   215    35      1   1   1   0    
23   0  4   10  238.05 41.41   1   1   1   0    
24   0  3   11  261.35 35      1   1   1   0    
25   0  4   12  284.4  41.41   1   1   1   0    
26   0  3   13  307.7  35      1   1   1   0    
27   0  5   1   29.6   48.9    1   1   1   0    
28   0  6   2   52.65  55.31   1   1   1   0    
29   0  5   3   75.95  48.9    1   1   1   0    
30   0  6   4   99     55.31   1   1   1   0    
31   0  5   5   122.3  48.9    1   1   1   0    
32   0  6   6   145.35 55.31   1   1   1   0    
33   0  5   7   168.65 48.9    1   1   1   0    
34   0  6   8   191.7  55.31   1   1   1   0    
35   0  5   9   215    48.9    1   1   1   0    
36   0  6   10  238.05 55.31   1   1   1   0    
37   0  5   11  261.35 48.9    1   1   1   0    
38   0  6   12  284.4  55.31   1   1   1   0    
39   0  5   13  307.7  48.9    1   1   1   0    
40   0  7   1   29.6   62.8    1   1   1   0    
41   0  8   2   52.65  69.21   1   1   1   0    
42   0  7   3   75.95  62.8    1   1   1   0    
43   0  8   4   99     69.21   1   1   1   0    
44   0  7   5   122.3  62.8    1   1   1   0    
45   0  8   6   145.35 69.21   1   1   1   0    
46   0  7   7   168.65 62.8    1   1   1   0    
47   0  8   8   191.7  69.21   1   1   1   0    
48   0  7   9   215    62.8    1   1   1   0    
49   0  8   10  238.05 69.21   1   1   1   0    
50   0  7   11  261.35 62.8    1   1   1   0    
51   0  8   12  284.4  69.21   1   1   1   0    
52   0  7   13  307.7  62.8    1   1   1   0    
53   0  9   1   29.6   76.7    1   1   1   0    
54   0  10  2   52.65  83.11   1   1   1   0    
55   0  9   3   75.95  76.7    1   1   1   0    
56   0  10  4   99     83.11   1   1   1   0    
57   0  9   5   122.3  76.7    1   1   1   0    
58   0  10  6   145.35 83.11   1   1   1   0    
59   0  9   7   168.65 76.7    1   1   1   0    
60   0  10  8   191.7  83.11   1   1   1   0    
61   0  9   9   215    76.7    1   1   1   0    
62   0  10  10  238.05 83.11   1   1   1   0    
63   0  9   11  261.35 76.7    1   1   1   0    
64   0  10  12  284.4  83.11   1   1   1   0    
65   0  9   13  307.7  76.7    1   1   1   0    
66   0  11  1   29.6   90.6    1   1   1   0    
67   0  12  2   52.65  97.01   1   1   1   0    
68   0  11  3   75.95  90.6    1   1   1   0    
69   0  12  4   99     97.01   1   1   1   0    
70   0  11  5   122.3  90.6    1   1   1   0    
71   0  12  6   145.35 97.01   1   1   1   0    
72   0  11  7   168.65 90.6    1   1   1   0    
73   0  12  8   191.7  97.01   1   1   1   0    
74   0  11  9   215    90.6    1   1   1   0    
75   0  12  10  238.05 97.01   1   1   1   0    
76   0  11  11  261.35 90.6    1   1   1   0    
77   0  12  12  284.4  97.01   1   1   1   0    
78   0  11  13  307.7  90.6    1   1   1   0    
79   0  13  1   29.6   104.5   1   1   1   0    
80   0  14  2   52.65  110.91  1   1   1   0    
81   0  13  3   75.95  104.5   1   1   1   0    
82   0  14  4   99     110.91  1   1   1   0    
83   0  13  5   122.3  104.5   1   1   1   0    
84   0  14  6   145.35 110.91  1   1   1   0    
85   0  13  7   168.65 104.5   1   1   1   0    
86   0  14  8   191.7  110.91  1   1   1   0    
87   0  13  9   215    104.5   1   1   1   0    
88   0  14  10  238.05 110.91  1   1   1   0    
89   0  13  11  261.35 104.5   1   1   1   0    
90   0  14  12  284.4  110.91  1   1   1   0    
91   0  13  13  307.7  104.5   1   1   1   0    
92   0  15  1   29.6   118.4   1   1   1   0    
93   0  16  2   52.65  124.81  1   1   1   0    
94   0  15  3   75.95  118.4   1   1   1   0    
95   0  16  4   99     124.81  1   1   1   0    
96   0  15  5   122.3  118.4   1   1   1   0    
97   0  16  6   145.35 124.81  1   1   1   0    
98   0  15  7   168.65 118.4   1   1   1   0    
99   0  16  8   191.7  124.81  1   1   1   0    
100  0  15  9   215    118.4   1   1   1   0    
101  0  16  10  238.05 124.81  1   1   1   0    
102  0  15  11  261.35 118.4   1   1   1   0    
103  0  16  12  284.4  124.81  1   1   1   0    
104  0  15  13  307.7  118.4   1   1   1   0    
105  0  17  1   29.6   132.3   1   1   1   0    
106  0  18  2   52.65  138.71  1   1   1   0    
107  0  17  3   75.95  132.3   1   1   1   0    
108  0  18  4   99     138.71  1   1   1   0    
109  0  17  5   122.3  132.3   1   1   1   0    
110  0  18  6   145.35 138.71  1   1   1   0    
111  0  17  7   168.65 132.3   1   1   1   0    
112  0  18  8   191.7  138.71  1   1   1   0    
113  0  17  9   215    132.3   1   1   1   0    
114  0  18  10  238.05 138.71  1   1   1   0    
115  0  17  11  261.35 132.3   1   1   1   0    
116  0  18  12  284.4  138.71  1   1   1   0    
117  0  17  13  307.7  132.3   1   1   1   0    
118  0  19  1   29.6   146.2   1   1   1   0    
119  0  20  2   52.65  152.61  1   1   1   0    
120  0  19  3   75.95  146.2   1   1   1   0    
121  0  20  4   99     152.61  1   1   1   0    
122  0  19  5   122.3  146.2   1   1   1   0    
123  0  20  6   145.35 152.61  1   1   1   0    
124  0  19  7   168.65 146.2   1   1   1   0    
125  0  20  8   191.7  152.61  1   1   1   0    
126  0  19  9   215    146.2   1   1   1   0    
127  0  20  10  238.05 152.61  1   1   1   0    
128  0  19  11  261.35 146.2   1   1   1   0    
129  0  20  12  284.4  152.61  1   1   1   0    
130  0  19  13  307.7  146.2   1   1   1   0    
131  0  21  1   29.6   160.1   1   1   1   0    
132  0  22  2   52.65  166.51  1   1   1   0    
133  0  21  3   75.95  160.1   1   1   1   0    
134  0  22  4   99     166.51  1   1   1   0    
135  0  21  5   122.3  160.1   1   1   1   0    
136  0  22  6   145.35 166.51  1   1   1   0    
137  0  21  7   168.65 160.1   1   1   1   0    
138  0  22  8   191.7  166.51  1   1   1   0    
139  0  21  9   215    160.1   1   1   1   0    
140  0  22  10  238.05 166.51  1   1   1   0    
141  0  21  11  261.35 160.1   1   1   1   0    
142  0  22  12  284.4  166.51  1   1   1   0    
143  0  21  13  307.7  160.1   1   1   1   0    
144  0  23  1   29.6   174     1   1   1   0    
145  0  24  2   52.65  180.41  1   1   1   0    
146  0  23  3   75.95  174     1   1   1   0    
147  0  24  4   99     180.41  1   1   1   0    
148  0  23  5   122.3  174     1   1   1   0    
149  0  24  6   145.35 180.41  1   1   1   0    
150  0  23  7   168.65 174     1   1   1   0    
151  0  24  8   191.7  180.41  1   1   1   0    
152  0  23  9   215    174     1   1   1   0    
153  0  24  10  238.05 180.41  1   1   1   0    
154  0  23  11  261.35 174     1   1   1   0    
155  0  24  12  284.4  180.41  1   1   1   0    
156  0  23  13  307.7  174     1   1   1   0    
157  0  25  1   29.6   187.9   1   1   1   0    
158  0  26  2   52.65  194.31  1   1   1   0    
159  0  25  3   75.95  187.9   1   1   1   0    
160  0  26  4   99     194.31  1   1   1   0    
161  0  25  5   122.3  187.9   1   1   1   0    
162  0  26  6   145.35 194.31  1   1   1   0    
163  0  25  7   168.65 187.9   1   1   1   0    
164  0  26  8   191.7  194.31  1   1   1   0    
165  0  25  9   215    187.9   1   1   1   0    
166  0  26  10  238.05 194.31  1   1   1   0    
167  0  25  11  261.35 187.9   1   1   1   0    
168  0  26  12  284.4  194.31  1   1   1   0    
169  0  25  13  307.7  187.9   1   1   1   0    
170  0  27  1   29.6   201.8   1   1   1   0    
171  0  28  2   52.65  208.21  1   1   1   0    
172  0  27  3   75.95  201.8   1   1   1   0    
173  0  28  4   99     208.21  1   1   1   0    
174  0  27  5   122.3  201.8   1   1   1   0    
175  0  28  6   145.35 208.21  1   1   1   0    
176  0  27  7   168.65 201.8   1   1   1   0    
177  0  28  8   191.7  208.21  1   1   1   0    
178  0  27  9   215    201.8   1   1   1   0    
179  0  28  10  238.05 208.21  1   1   1   0    
180  0  27  11  261.35 201.8   1   1   1   0    
181  0  28  12  284.4  208.21  1   1   1   0    
182  0  27  13  307.7  201.8   1   1   1   0    
183  0  29  1   29.6   215.7   1   1   1   0    
184  0  30  2   52.65  222.11  1   1   1   0    
185  0  29  3   75.95  215.7   1   1   1   0    
186  0  30  4   99     222.11  1   1   1   0    
187  0  29  5   122.3  215.7   1   1   1   0    
188  0  30  6   145.35 222.11  1   1   1   0    
189  0  29  7   168.65 215.7   1   1   1   0    
190  0  30  8   191.7  222.11  1   1   1   0    
191  0  29  9   215    215.7   1   1   1   0    
192  0  30  10  238.05 222.11  1   1   1   0    
193  0  29  11  261.35 215.7   1   1   1   0    
194  0  30  12  284.4  222.11  1   1   1   0    
195  0  29  13  307.7  215.7   1   1   1   0    
196  0  31  1   29.6   229.6   1   1   1   0    
197  0  32  2   52.65  236.01  1   1   1   0    
198  0  31  3   75.95  229.6   1   1   1   0    
199  0  32  4   99     236.01  1   1   1   0    
200  0  31  5   122.3  229.6   1   1   1   0    
201  0  32  6   145.35 236.01  1   1   1   0    
202  0  31  7   168.65 229.6   1   1   1   0    
203  0  32  8   191.7  236.01  1   1   1   0    
204  0  31  9   215    229.6   1   1   1   0    
205  0  32  10  238.05 236.01  1   1   1   0    
206  0  31  11  261.35 229.6   1   1   1   0    
207  0  32  12  284.4  236.01  1   1   1   0    
208  0  31  13  307.7  229.6   1   1   1   0    
209  0  33  1   29.6   243.5   1   1   1   0    
210  0  34  2   52.65  249.91  1   1   1   0    
211  0  33  3   75.95  243.5   1   1   1   0    
212  0  34  4   99     249.91  1   1   1   0    
213  0  33  5   122.3  243.5   1   1   1   0    
214  0  34  6   145.35 249.91  1   1   1   0    
215  0  33  7   168.65 243.5   1   1   1   0    
216  0  34  8   191.7  249.91  1   1   1   0    
217  0  33  9   215    243.5   1   1   1   0    
218  0  34  10  238.05 249.91  1   1   1   0    
219  0  33  11  261.35 243.5   1   1   1   0    
220  0  34  12  284.4  249.91  1   1   1   0    
221  0  33  13  307.7  243.5   1   1   1   0    
222  0  35  1   29.6   257.4   1   1   1   0    
223  0  36  2   52.65  263.81  1   1   1   0    
224  0  35  3   75.95  257.4   1   1   1   0    
225  0  36  4   99     263.81  1   1   1   0    
226  0  35  5   122.3  257.4   1   1   1   0    
227  0  36  6   145.35 263.81  1   1   1   0    
228  0  35  7   168.65 257.4   1   1   1   0    
229  0  36  8   191.7  263.81  1   1   1   0    
230  0  35  9   215    257.4   1   1   1   0    
231  0  36  10  238.05 263.81  1   1   1   0    
232  0  35  11  261.35 257.4   1   1   1   0    
233  0  36  12  284.4  263.81  1   1   1   0    
234  0  35  13  307.7  257.4   1   1   1   0    
235  0  37  1   29.6   271.3   1   1   1   0    
236  0  38  2   52.65  277.71  1   1   1   0    
237  0  37  3   75.95  271.3   1   1   1   0    
238  0  38  4   99     277.71  1   1   1   0    
239  0  37  5   122.3  271.3   1   1   1   0    
240  0  38  6   145.35 277.71  1   1   1   0    
241  0  37  7   168.65 271.3   1   1   1   0    
242  0  38  8   191.7  277.71  1   1   1   0    
243  0  37  9   215    271.3   1   1   1   0    
244  0  38  10  238.05 277.71  1   1   1   0    
245  0  37  11  261.35 271.3   1   1   1   0    
246  0  38  12  284.4  277.71  1   1   1   0    
247  0  37  13  307.7  271.3   1   1   1   0    
248  0  39  1   29.6   285.2   1   1   1   0    
249  0  39  3   75.95  285.2   1   1   1   0    
250  0  39  5   122.3  285.2   1   1   1   0    
251  0  39  7   168.65 285.2   1   1   1   0    
252  0  39  9   215    285.2   1   1   1   0    
253  0  39  11  261.35 285.2   1   1   1   0    
254  0  39  13  307.7  285.2   1   1   1   0    